31.17930441 121.40605141 64
31.179319728592574 121.40605496148422 50.53110504895449
31.179320047645597 121.4060540881996 50.48375189118087
31.17931944530915 121.4060509784811 50.94379236456007
31.179320189661567 121.40605132946429 50.38673494849354
31.17931826490364 121.4060508728971 50.84179421141744
31.179318171741553 121.40604745341223 51.268793273717165
31.179321505071982 121.40604878056243 50.68881523516029
31.179319836563323 121.40604793198915 51.14018333144486
31.179319216152823 121.40604445512984 51.06553158722818
31.179320283022577 121.406043626326 50.4443958196789
31.179319476510138 121.40604622826234 50.77292717434466
31.17931662315109 121.40604760002783 51.17817667964846
31.179318629119322 121.40604421513302 50.95713655278087
31.179315897885875 121.40604674333085 51.48064925801009
31.179315188320253 121.40604802807961 51.4298612466082
31.17931709401315 121.40604357337207 50.95343658607453
31.17931644917542 121.40604911614095 51.607361271977425
31.17931543626122 121.40604843261175 52.02567575313151
31.179315764883736 121.40604800107296 51.30358550790697
31.17931673083201 121.40605092302201 51.88418091554195
31.179315522145917 121.40605156781679 51.95848688017577
31.179315334281473 121.406046642136 51.342201475054026
31.179315295538938 121.40605048769567 51.652997601777315
31.179314098418065 121.40605217622233 52.25502798240632
31.179313088417565 121.4060485344408 51.73686562292278
31.179313408584324 121.40604968755763 51.94643329363316
31.179313843352464 121.40605032746522 52.13784872088581
31.17931412490427 121.40604845697969 51.27262314688414
31.17931429286793 121.40605092470179 51.824916891753674
31.17931549713827 121.4060500349379 51.56992867961526
31.17931480663782 121.40604789731458 51.46549770515412
31.17931509924617 121.40605029265278 51.518516996875405
31.179314722170083 121.40605068740575 51.95361608918756
31.17931526059737 121.40605034868899 51.25240422133356
31.179315749926733 121.40605027580358 51.68107209634036
31.179316592414906 121.40605102944063 52.0125500485301
31.179315822475253 121.40604787403363 51.3377043614164
31.179315478161502 121.40604844296571 52.03442570473999
31.179316508666734 121.4060502949279 52.599914035759866
31.179315213707078 121.40604751276861 51.91527687199414
31.179315768140942 121.4060471768732 52.06668637320399
31.179314899163387 121.4060512125269 52.14938534703106
31.179315407292453 121.4060498110223 51.834381754510105
31.179316685320543 121.40604841484989 51.72240958083421
31.179315875198128 121.40605018973983 52.14902363624424
31.179316421844213 121.40605012312453 51.663123118691146
31.17931853224884 121.40604896413313 51.786286080256104
31.17931671374955 121.4060504349942 51.987325225025415
31.179318898212774 121.40604930261405 51.803556859493256
31.179320155849727 121.40604824467255 51.962920111604035
31.17931777333996 121.40604929857014 51.86622002907097
31.179317233048998 121.40604871142048 51.6458353260532
31.179319334966085 121.40604688070626 51.91185993142426
31.17931709357219 121.40604895654407 51.75728908367455
31.179319328743272 121.40604921466492 51.94268124271184
31.17931850640834 121.40604809730203 51.82428563106805
31.179313791577208 121.40604744315675 51.62999184150249
31.179316410002652 121.40604909085127 51.72287765145302
31.179315990094114 121.40604863438226 51.43406780809164
31.179311923983327 121.406048937676 51.52469597849995
31.179315994430087 121.40605101504725 51.86083377711475
31.179316535548217 121.40604968605217 51.12924254499376
31.179314826329353 121.40604923231562 51.00219810847193
31.179318760504824 121.40605017409804 51.27042822167277
31.179318219293098 121.40604833421263 50.63845137599856
31.17931774110437 121.40604935655473 50.447440528310835
31.179320998879803 121.40605080316016 51.155105841346085
31.179320067329154 121.40604945888727 50.422305290587246
31.179318380193642 121.40604936510373 50.72907694615424
31.17931897667139 121.40604968836561 51.171530411578715
31.179319051514153 121.4060492510194 50.788810631260276
31.179319774605485 121.40604877516266 51.02311700768769
31.1793198833215 121.40604931943585 51.0661858310923
31.179319325387926 121.40604950495508 50.72763193771243
31.1793191274705 121.40604839852398 50.89400274120271
31.179318157869282 121.40604953126751 51.25556237064302
31.179317184241715 121.40604870129044 50.859469251707196
31.17931865766573 121.40604759006906 50.93304768204689
31.179319431285116 121.4060489316663 51.406506875529885
31.17931758577855 121.40604920333595 51.093583640642464
31.179318027102983 121.40604691692661 51.490047777071595
31.17931705213929 121.40604882515483 52.01037697400898
31.17931797781184 121.40604863150836 51.14306079503149
31.17931997249582 121.40604795499947 51.41074130218476
31.179317536157285 121.40605010091157 51.58123228978366
31.179315162566862 121.40604895835801 51.03117664903402
31.17931769306387 121.40605010372417 51.15433429181576
31.179315047551675 121.40605043237547 51.52327014692128
31.17931406203542 121.40604932862445 51.27040683757514
31.17931644074837 121.40604891418636 51.382010923698545
31.179314736769335 121.40605030259731 51.49189223907888
31.179314137314392 121.40604958856164 51.64848834555596
31.179316638909196 121.40604983362775 51.63027004059404
31.17931443582246 121.40604915123214 51.88922057673335
31.17931397601384 121.4060502363846 51.57002005074173
31.179316519683923 121.40604900075519 51.694987842813134
31.179314574272492 121.40604838455381 51.7490841364488
31.17931251681782 121.40604829891508 51.67811748199165
31.179314802828245 121.40604962730792 51.57883050944656
31.179313878740754 121.40604891440607 51.67463916260749
31.17931851845121 121.40605425261961 49.82870183326304
31.179321045173012 121.40605541944917 49.45760147552937
31.17931942103786 121.40605445336674 49.56652848795056
31.179317872499517 121.40605726909452 49.69981773477048
31.179318806332866 121.40605812780184 49.6712166396901
31.179317459480217 121.40605589636027 49.86179859563708
31.17931806306442 121.40605708521225 49.767979071475565
31.179318957222858 121.4060558769491 49.517316391691566
31.179320368541116 121.40605509355352 49.501530840061605
31.179320056573783 121.4060561651359 49.5018823267892
31.179316181734993 121.40605004714877 51.0970013840124
31.179317618320624 121.40604918703768 51.008730962872505
31.17931432211395 121.40605078120363 51.2122424133122
31.179314813085313 121.40605071664564 50.71120558027178
31.179317648060177 121.40604994177163 51.204772256314754
31.179316212307135 121.40605278314116 51.55323254317045
31.179318843045586 121.4060544782707 49.74470325931907